# id	left	top	right	bottom	texture_id
[SPRITES]
#WALK
#31001	4	13	22	30	10
#31002	24	13	42	30	10

########## Red Koopa ##########
#walk
##Right
41111	614	71	629	97	70
41112	633	71	648	97	70
##Left
41121	47	66	62	92	70
41122	28	66	43	92	70

#Parakoopa
##Right
41211	485	92	500	118	70
41212	527	92	542	118	70
##Left
41221	147	93	164	120	70
41222	105	93	122	120	70

#Shell
##Normal 
41301	28	95	45	111	70
##Shake
41302	26	95	46	111	70
##Has-leg
41303	71	74	88	90	70
##Spin left
41304	49	95	66	111	70
##Spin right
41305	611	100	628	116	70
##Mid spin
41306	70	95	87	111	70

#Shell upside down
##Normal
41401	293	46	310	62	70
##Shake
41402	291	46	311	62	70
##Has-leg
41403	336	68	353	84	70
##Spin left
41404	314	46	331	62	70
##Spin right
41405	357	45	374	61	70
##Mid spin
41406	335	46	352	62	70
########## Green Koopa ##########
#walk
##Right
42111	611	123	626	149	70
42112	630	123	645	149	70
##Left
42121	50	118	65	144	70
42122	31	118	46	144	70

#Parakoopa
##Right
42211	514	134	529	160	70
42212	556	134	571	160	70
##Left
42221	147	129	162	155	70
42222	105	129	120	155	70

#Shell
##Normal 
42301	31	148	48	164	70
##Shake
42302	29	148	49	164	70
##Has-leg
42303	74	126	92	142	70
##Spin left
42304	52	148	69	164	70
##Spin right
42305	608	152	625	168	70
##Mid spin
42306	73	148	90	164	70

#Shell upside down
##Normal
42401	305	106	322	122	70
##Shake
42402	303	106	323	122	70
##Has-leg
42403	348	128	365	144	70
##Spin left
42404	326	106	343	122	70
##Spin right
42405	369	105	386	121	70
##Mid spin
42406	347	106	364	122	70

# ani_id	sprite1_id	time1	sprite2_id	time2	...
[ANIMATIONS]
========== Red Koopas ==========
# --- Right ---
# walk right
36000	41111	200	41112	200
# spin right
36020	41301	50	41304	50	41306	50	41305	50
# spin right upside down
36023	41401	50	41404	50	41406	50	41405	50
# para right
36200	41211	100	41212	100
# --- Left ---
# walk left
36001	41121	200	41122	200
# spin left
36021	41301	50	41304	50	41306	50	41305	50
# spin left upside down
36024	41401	50	41404	50	41406	50	41405	50
# para left
36201	41221	100	41222	100
# shell
36070	41301	100
# shell upside down
36071	41401	100
# shake
36083	41301	100	41302	100	41301	100	41302	100	41303	100	41302	100	41303	100	41302	100	41303	50	41302	50	41303	50	41302	50	41303	50	41302	50	41303	50	41302	50	41303	50	41302	50

# shake upside down
36084	41401	100	41402	100	41401	100	41402	100	41403	100	41402	100	41403	100	41402	100	41403	50	41402	50	41403	50	41402	50	41403	50	41402	50	41403	50	41402	50	41403	50	41402	50



========== Green Koopas ==========
# --- Right ---
# walk right
36100	42111	200	42212	200
# spin right
36120	42301	50	42304	50	42306	50	42305	50
# spin right upside down
36123	42401	50	42404	50	42406	50	42405	50
# para right
36300	42211	100	42212	100
# --- Left ---
# walk left
36101	42121	200	42122	200
# spin left
36121	42301	50	42304	50	42306	50	42305	50
# spin left upside down
36124	42401	50	42404	50	42406	50	42405	50
# para left
36301	42221	100	42222	100
# shell
36170	42301	100
# shell upside down
36171	42401	100
# shake
36183	42301	100	42302	100	42301	100	42302	100	42303	100	42302	100	42303	100	42302	100	42303	50	42302	50	42303	50	42302	50	42303	50	42302	50	42303	50	42302	50	42303	50	42302	50
# shake upside down
36184	42401	100	42402	100	42401	100	42402	100	42403	100	42402	100	42403	100	42402	100	42403	50	42402	50	42403	50	42402	50	42403	50	42402	50	42403	50	42402	50	42403	50	42402	50