#define SCENE_SETTING_INDEPENDENT_CAM 1  #define SCENE_SETTING_PLAYTIME 2  #define SCENE_SETTING_CAMERA_LEFT_BOUND 3  #define SCENE_SETTING_LOWER_DEATH_BOUND 4
[SETTINGS]
1	1
2	300
3	92
4	800

# list of object assets to load in this scene
[ASSETS]
mario.txt
coin.txt
cloud.txt
brick.txt
ground.txt
bush.txt
tree.txt
background_cloud.txt
misc.txt
box.txt
platform_cloud.txt
block.txt
question_block.txt
bouncing_coin.txt
flying_score.txt
goomba.txt
koopa.txt
mushroom.txt
pipe.txt
piranha_plant.txt
bullet.txt
particles.txt
leaf.txt
hud.txt
font.txt
background.txt
boomerang.txt
boomerang_brother.txt
lift.txt
item_frame.txt
brick_debris.txt
#
[OBJECTS]
# type	x	y	extra_settings per object type
# type: 0 = Mario , 1 = Brick, 2 = Goomba, 3 = Koopas, 4 = Coins, 5 = Platform
# See OBJECT_TYPE constants in AssetIDs.h

#MARIO
#0	2100	346
0	120	340

#6 = Background 
#type cellW cellH Leng begin middle end
##Light blue - black divider (Map)
6	2696	8	9	16	1	30	220001	220001	220001
#Black background (Map)
6	2708	8	16	16	100	30	220002	220002	220002

17 	2548	408	0	4	3	1	7	4	5	0	3	6	2	0	1	2	0
17	2772	408	1	5	6	1	7	4	4	5	0	3	4	6	2	0	3	4	5	0	0	3	6	2	0	0	3	5	0	0	0	1	2	0	0	
17	2948	408	1	3	3	1	7	5	0	3	5	0	1	2

##Bush
6 	164	344	16	16	5	1	70001	70001	70001
6 	2516	408	16	16	1	1	70001	70001	70001	#Secret room

#BackgroundCloud
7	2558	300	1

##Cloud
6 	132	296	32	16	1	1	91002	91002	91002
6 	204	316	16	8	1	1	91001	91001	91001
6 	276	264	32	16	1	1	91002	91002	91002
6 	340	408	32	16	1	1	91002	91002	91002
6 	380	300	16	8	1	1	91001	91001	91001
6 	492	396	16	8	1	1	91001	91001	91001
6 	532	312	32	16	1	1	91002	91002	91002
6 	604	380	16	8	1	1	91001	91001	91001
6 	660	280	32	16	1	1	91002	91002	91002
6 	780	348	16	8	1	1	91001	91001	91001
6 	820	280	32	16	1	1	91002	91002	91002
6 	908	332	16	8	1	1	91001	91001	91001
6 	916	408	32	16	1	1	91002	91002	91002
6 	1012	312	32	16	1	1	91002	91002	91002
6 	1036	396	16	8	1	1	91001	91001	91001
6 	1172	280	32	16	1	1	91002	91002	91002
6 	1268	344	32	16	1	1	91002	91002	91002
6 	1276	412	16	8	1	1	91001	91001	91001
6 	1372	248	16	8	1	1	91001	91001	91001
6 	1444	392	32	16	1	1	91002	91002	91002	
6 	1484	332	16	8	1	1	91001	91001	91001
6 	1548	396	16	8	1	1	91001	91001	91001
6 	1572	296	32	16	1	1	91002	91002	91002
6 	1684	296	32	16	1	1	91002	91002	91002
6 	1748	360	32	16	1	1	91002	91002	91002
6 	1772	316	16	8	1	1	91001	91001	91001
6 	1836	412	16	8	1	1	91001	91001	91001
6 	1884	284	16	8	1	1	91001	91001	91001
6 	1972	360	32	16	1	1	91002	91002	91002
6 	2036	280	32	16	1	1	91002	91002	91002
6 	2108	316	16	8	1	1	91001	91001	91001	

##Transparent Tree
#6 	172	384	128	65	1	1	80002	80002	80002
#6	964	368	128	65	1	1	80002	80002	80002
#6	1068	376	64	49	1	1	80001	80001	80001
#6	2012	392	64	49	1 	1	80001	80001	80001
#6	2508	352	96	128	1 	1	80003	80003	80003

##Dark Tree
#6	2708	368	80	97	1	1	81002	81002	81002
#6	2868	392	48	49	1	1	81001	81001	81001

#Item frame
#6	2796	342	28	28	1	1	230001	230001	230001

#Ground (SideCollidablePlatform)
9 	100	360	16	16	10	63101	63102	63103
9 	100	376	16	16	10	63201	63202	63203
9 	100	392	16	16	10	63201	63202	63203
9 	100	408	16	16	10	63201	63202	63203
9 	100	424	16	16	10	63201	63202	63203

9 	2028	408	16	16	8	64101	64102	64103
9 	2028	424	16	16	8	64201	64202	64203

5 	2076	376	16	16	3	63101	63102	63103
6 	2076	392	16	16	3	1	63201	63202	63203

#Koopa   color(0:green, 1:red)  type(0:normal, 1:para)
3	1180	338	1	0
3	1980	306	1	1
#3	2092	354	1	0

#BoBro
16	2532	402



#Pipe			#height #color #isUpsideDown #toX #toY
12	2044	392	3	1	0	2644	397	1

#BlockPlatform		
10	2140	392	16	16	1	130001	130001	130001
10	2140	376	16	16	1	130001	130001	130001
10	2140	360	16	16	1	130001	130001	130001
10	2140	344	16	16	1	130001	130001	130001
10	2140	328	16	16	1	130001	130001	130001
10	2140	312	16	16	1	130001	130001	130001
10	2140	296	16	16	1	130001	130001	130001
10	2140	280	16	16	1	130001	130001	130001
10	2140	264	16	16	1	130001	130001	130001
10	2140	248	16	16	1	130001	130001	130001

#Brick
1	332	360	4	1	16	16
1	492	344	5	1	16	16

1	716	296	2	1	16	16
15	748	296	1	1	16	16	3	1	
1	764	296	1	1	16	16

1	748	376	2	1	16	16
1	860	328	1	4	16	16
1	876	376	3	1	16	16
1	972	344	1	4	16	16
1	988	392	2	1	16	16
1	1052	344	1	2	16	16
15	1068	360	1	1	16	16	2	1
1	1068	408	4	1	16	16

15	1116	360	1	1	16	16	0	11
1	1132	360	4	1	16	16

1	1260	392	5	1	16	16
1	1292	312	4	1	16	16
15	1340	296	1	1	16	16	3	1
1	1372	376	2	1	16	16
1	1500	312	3	1	16	16

1	1644	296	1	1	16	16	0	8
1	1644	312	1	1	16	16

1	1644	376	1	3	16	16
1	1660	408	3	1	16	16
1	1836	296	1	3	16	16
1	1884	376	3	1	16	16


#Lift
14	476	328	16	16	3	303830	303831	303832
14	666	360	16	16	3	303830	303831	303832
14	700	312	16	16	3	303830	303831	303832
14	732	408	16	16	3	303830	303831	303832
14	860	344	16	16	3	303830	303831	303832
14	1196	392	16	16	3	303830	303831	303832
14	1308	328	16	16	3	303830	303831	303832
14	1484	360	16	16	3	303830	303831	303832
14	1516	344	16	16	3	303830	303831	303832
14	1660	312	16	16	3	303830	303831	303832
14	1852	392	16	16	3	303830	303831	303832
14	1884	344	16	16	3	303830	303831	303832
14	1900	424	16	16	3	303830	303831	303832 s

#COIN			itX	itY	ofX	ofY
4	444	312	3	1	16	16
4	524	280	3	1	16	16
4	876	312	3	1	16	16
4	956	280	3	1	16	16
4	1436	296	3	1	16	16
4	1612	280	1	8	16	16
4	1996	312	3	1	16	16	



########## SECRET ROOM ##########
#Pipe			#height #color #isUpsideDown #toX #toY
12	2636	408	2	1	0	-1	-1	0

#Ground
9 	2500	424	16	16	32	61001	61002	61003

#Item frame
6	2892	344	28	28	1	1	230001	230001	230001
