# list of object assets to load in this scene
[ASSETS]
mario.txt
coin.txt
cloud.txt
brick.txt
platform1.txt
bush.txt
tree.txt
background_cloud.txt

#
[OBJECTS]
# type	x	y	extra_settings per object type
# type: 0 = Mario , 1 = Brick, 2 = Goomba, 3 = Koopas, 4 = Coins, 5 = Platform
# See OBJECT_TYPE constants in AssetIDs.h



#Background (Put these before Mario)
##Bush
6 	260	164	16	16	3	70001	70001	70001
6 	772	148	16	16	6	70001	70001	70001
6	1140	148	16	16	2	70001	70001	70001
6	1284	164	16	16	3	70001	70001	70001
6	1828	164	16	16	3	70001	70001	70001

##Tree
6 	172	140	128	65	1	80002	80002	80002
#6	964	124	128	65	1	80002	80002	80002
6	1068	132	64	49	1	80001	80001	80001
6	2012	148	64	49	1 	80001	80001	80001
6	2508	108	96	128	1 	80003	80003	80003

##Cloud
7	216	40	2	90001	90002	90003	90004
7	424	24	1	90001	90002	90003	90004
7	744	40	1	90001	90002	90003	90004
7	824	72	3	90001	90002	90003	90004
7	1272	40	1	90001	90002	90003	90004
7	1752	40	3	90001	90002	90003	90004
7	2424	56	1	90001	90002	90003	90004



#MARIO
0	120	10



#COIN		itX	itY	ofX	ofY
4	100	120	5	3	20	-20




#Platform
5 	100	180	16	16	39	61001	61002	61003
5 	724	164	16	17	29	61001	61002	61003
5	724	180	16	16	29	62001	62002	62003
5 	1252	180	16	16	22	61001	61002	61003
5 	1636	180	16	16	5	61001	61002	61003
5 	1764	180	16	16	36	61001	61002	61003
5 	2356	180	16	16	35	61001	61002	61003



#Portal 
#50	200	160	216	180	1

